0 17 0 33 7 33
0 17 7 17 7 33
0 33 0 49 7 49
0 33 7 33 7 49
0 49 0 65 7 65
0 49 7 49 7 65
0 65 0 69 7 69
0 65 7 65 7 69
0 10 0 17 12 17
0 10 12 10 12 17
12 10 12 17 24 17
12 10 24 10 24 17
24 10 24 17 36 17
24 10 36 10 36 17
36 10 36 26 43 26
36 10 43 10 43 26
36 26 36 42 43 42
36 26 43 26 43 42
36 42 36 58 43 58
36 42 43 42 43 58
36 58 36 62 43 62
36 58 43 58 43 62
43 10 43 17 55 17
43 10 55 10 55 17
55 10 55 17 67 17
55 10 67 10 67 17
67 10 67 17 79 17
67 10 79 10 79 17
72 17 72 33 79 33
72 17 79 17 79 33
72 33 72 49 79 49
72 33 79 33 79 49
72 49 72 65 79 65
72 49 79 49 79 65
72 65 72 69 79 69
72 65 79 65 79 69