0 0 0 8 20 0
0 8 20 0 20 8
20 0 20 8 40 0
20 8 40 0 40 8
40 0 40 8 60 0
40 8 60 0 60 8
60 0 60 8 80 0
60 8 80 0 80 8
0 8 8 8 10 16
8 8 10 16 18 16
10 16 18 16 20 24
18 16 20 24 28 24
20 24 28 24 30 32
28 24 30 32 38 32
30 32 38 32 40 40
38 32 40 40 48 40
40 40 48 40 30 48
48 40 30 48 38 48
30 48 38 48 20 56
38 48 20 56 28 56
20 56 28 56 10 64
28 56 10 64 18 64
10 64 18 64 0 72
18 64 0 72 8 72
0 72 0 80 20 72
0 80 20 72 20 80
20 72 20 80 40 72
20 80 40 72 40 80
40 72 40 80 60 72
40 80 60 72 60 80
60 72 60 80 80 72
60 80 80 72 80 80