2 0 2 7 9 7
2 7 9 7 9 14
9 7 9 14 16 14
9 14 16 14 16 21
16 14 16 21 23 21
16 21 23 21 23 28
23 21 23 28 30 28
23 28 30 28 30 35
30 28 30 35 37 35
30 35 37 35 34 39
2 79 2 72 9 72
2 72 9 72 9 65
9 72 9 65 16 65
9 65 16 65 16 58
16 65 16 58 23 58
16 58 23 58 23 51
23 58 23 51 30 51
23 51 30 51 30 44
30 51 30 44 37 44
30 44 37 44 34 40
77 0 77 7 70 7
77 7 70 7 70 14
70 7 70 14 63 14
70 14 63 14 63 21
63 14 63 21 56 21
63 21 56 21 56 28
56 21 56 28 49 28
56 28 49 28 49 35
49 28 49 35 42 35
49 35 42 35 45 39
77 79 77 72 70 72
77 72 70 72 70 65
70 72 70 65 63 65
70 65 63 65 63 58
63 65 63 58 56 58
63 58 56 58 56 51
56 58 56 51 49 51
56 51 49 51 49 44
49 51 49 44 42 44
49 44 42 44 45 40
42 35 42 44 45 40
37 35 37 44 34 39
42 35 42 44 37 40
37 35 37 44 41 40